93
84
83
90
65
70
89
76
90
88
94
38
97
100
86
86
77
98
84
37
83
86
86
85
84
83
84
32
83
88
94
91
93
100
83
86
86
89
98
80
93
59
90
84
93
88
87
88
70
79
90
78
77
76
91
92
79
99
73
67
98
93
97
80
73
97
86
25
68
92
94
43
88
68
70
81
77
86
89
83
77
87
93
75
69
75
77
95
87
90
85
64
74
98
71
93
80
91
26
81
86
78
84
75
52
68
72
64
78
90
45
80
87
76
86
92
92
42
70
70
51
87
80
49
92
75
88
67
74
70
97
86
73
84
84
76
84
91
93
89
96
81
81
52
82
88
46
78
87
83
85
24
72
32
77
52
73
89
98
88
97
97
83
90
77
93
95
91
82
80
36
88
67
87
90
36
74
91
91
81
93
94
82
66
67
73
92
69
88
77
99
75
79
81
90
80
51
87
83
84
80
84
96
85
94
91
82
91
90
42
99
88
80
89
53
85
85
85
79
62
79
78
40
77
85
60
78
38
75
89
45
89
87
84
96
74
95
68
92
58
75
71
82
83
84
68
89
83
78
98
93
79
92
95
61
91
90
91
86
62
80
72
82
77
97
95
37
86
95
72
89
44
28
74
52
79
99
87
84
92
88
72
73
92
41
87
77
78
89
99
78
97
86
82
85
89
80
62
88
83
48
96
86
74
82
75
85
73
79
92
92
91
79
89
88
86
95
88
89
87
62
84
89
84
93
48
79
80
91
77
79
83
84
64
90
60
84
80
78
88
80
88
81
88
90
96
91
97
88
89
89
77
73
99
96
85
82
99
91
88
92
80
84
98
92
93
71
93
58
50
70
73
63
88
74
94
64
44
94
80
72
64
71
88
63
92
78
79
95
83
80
81
84
94
71
59
81
88
76
77
74
87
75
88
93
83
77
88
76
75
85
83
84
78
79
71
84
79
57
89
89
40
88
79
91
96
92
88
62
88
93
66
82
87
89
85
83
84
87
73
86
94
100
57
89
98
74
90
80
79
73
73
88
92
8
92
86
87
86
92
84
72
46
91
30
48
83
68
20
67
91
63
75
